4	31	67	84	10	50	10	97	83	100	63	35	91	66	93	6	32	88	32	43
16	81	61	24	60	49	54	61	21	16	3	7	36	3	10	67	22	3	17	95
81	79	26	8	44	85	26	24	84	95	46	22	51	76	86	33	59	29	54	52
52	46	61	4	96	5	24	31	7	53	49	5	99	30	20	19	73	52	35	14
43	10	55	78	16	38	94	80	91	79	39	31	97	99	53	21	27	27	2	43
60	31	95	74	60	70	54	51	95	8	56	86	56	73	73	30	87	78	25	95
24	58	11	99	61	82	14	85	37	42	56	93	72	18	66	39	67	78	44	70
85	94	14	81	65	74	63	69	58	34	18	13	61	29	36	17	93	15	34	28
91	16	6	19	47	13	51	74	89	45	51	51	85	68	69	17	49	47	48	43
2	66	37	14	65	71	30	87	88	90	61	92	97	70	45	28	87	4	32	5
13	19	94	12	88	6	29	13	69	15	31	14	51	68	86	3	79	74	1	52
66	67	63	12	69	62	69	19	65	44	9	54	74	63	21	48	24	20	63	71
29	92	95	80	90	1	91	6	4	45	42	69	39	31	75	31	71	32	61	84
33	90	73	96	47	74	75	27	18	78	96	70	82	1	27	77	25	80	45	64
24	33	32	46	2	20	60	96	21	60	10	18	69	70	34	4	12	15	65	15
23	87	67	50	19	30	100	74	36	61	49	61	14	6	97	38	44	8	73	18
75	94	45	98	16	43	92	14	7	48	54	54	33	54	55	81	1	49	87	18
100	98	61	40	94	89	93	41	17	97	15	3	25	51	53	13	38	60	64	72
52	95	87	56	27	6	13	49	1	79	8	5	37	67	72	14	54	42	41	26
80	55	29	47	56	77	61	50	82	17	19	11	98	34	77	61	96	89	36	31
75	24	76	21	3	85	15	16	38	99	57	60	37	45	16	39	75	31	69	47
97	5	94	30	42	6	92	33	81	95	84	92	38	84	50	14	91	87	65	53
24	67	38	48	53	85	2	23	80	47	8	46	63	35	90	81	21	3	28	18
49	71	59	95	33	37	73	6	3	63	17	97	96	48	45	49	21	91	21	19
35	90	15	49	71	39	14	36	58	21	95	78	50	30	71	71	50	6	97	81
27	45	68	85	99	44	45	100	99	62	53	52	4	4	69	21	78	28	97	85
35	21	58	73	30	39	76	13	50	11	33	86	89	38	39	3	68	25	23	94
78	13	85	30	2	79	25	40	1	47	80	73	85	71	67	58	88	45	22	20
59	92	43	6	64	28	76	96	61	83	58	87	54	68	22	48	2	35	13	45
6	58	30	79	3	22	2	49	99	54	93	94	53	99	84	75	20	38	83	56
94	25	75	32	95	29	85	6	11	49	47	21	14	15	68	20	68	15	83	72
74	3	44	45	14	78	85	48	70	81	71	34	25	24	27	74	4	95	92	9
54	75	81	19	25	30	19	70	84	54	85	30	66	20	58	19	67	20	39	81
16	49	45	80	51	83	49	47	93	59	86	10	31	13	39	42	85	59	7	26
42	31	96	97	13	46	20	44	57	4	57	70	25	29	29	69	27	96	81	66
57	77	28	63	92	70	77	82	48	45	47	17	41	57	63	43	34	71	28	64
68	49	28	89	8	14	73	81	54	77	78	86	14	99	21	89	18	57	85	44
75	76	31	14	57	34	34	10	84	96	29	9	22	40	63	86	20	100	55	39
80	79	43	59	80	84	16	67	86	70	59	30	94	58	33	84	73	8	9	73
66	82	7	6	68	56	81	63	60	25	48	64	32	24	83	84	37	72	13	57
92	38	46	71	24	93	66	2	51	5	53	45	88	97	97	3	55	51	54	73
98	28	63	56	42	43	96	10	64	45	98	45	96	7	89	24	53	29	1	79
65	4	34	81	22	43	56	65	82	87	29	84	15	22	55	35	79	55	12	8
6	87	57	30	47	48	63	1	2	2	2	88	27	100	36	36	59	36	99	54
34	37	25	47	9	13	98	39	55	8	16	93	72	85	3	66	7	92	3	30
97	57	36	14	20	52	6	41	34	69	90	1	60	83	17	39	80	32	43	11
4	67	14	100	13	40	72	20	9	49	58	30	49	55	9	95	54	27	5	22
97	50	89	11	15	1	72	83	13	45	94	67	14	18	61	95	10	73	44	88
3	6	76	95	92	71	69	74	57	56	26	47	59	81	41	96	73	19	27	16
21	4	90	3	67	3	40	33	13	52	99	85	7	38	84	100	90	82	74	5
65	62	71	84	50	71	47	91	91	57	91	64	82	99	18	95	33	18	80	78
5	3	98	10	85	60	8	53	73	52	67	93	81	20	74	82	68	21	59	69
49	32	8	79	62	63	1	94	73	26	89	30	16	45	80	59	81	61	89	14
73	29	59	84	75	2	89	45	55	6	49	45	24	11	86	49	9	63	93	68
15	76	76	90	3	94	84	82	66	4	26	46	16	57	16	91	46	60	74	2
85	87	61	95	11	30	36	81	28	33	54	66	76	22	80	32	43	19	4	10
48	99	25	30	18	75	3	25	19	29	24	62	50	64	32	54	81	39	2	26
18	93	65	37	64	55	98	92	76	69	52	1	53	64	90	56	98	31	64	1
28	87	61	58	77	94	70	60	2	48	97	40	18	23	47	34	33	27	25	21
36	6	42	81	49	3	9	29	97	96	52	65	32	37	56	5	75	45	26	96
15	45	88	22	51	29	90	78	36	56	18	16	10	69	73	85	41	93	35	91
61	30	96	71	78	15	100	74	49	84	89	4	16	68	54	9	57	26	76	48
19	32	42	100	19	84	36	38	1	98	65	53	26	17	32	46	10	76	74	45
36	13	85	62	51	5	72	73	39	37	66	85	50	73	21	58	7	80	91	58
17	36	4	46	60	14	14	8	66	60	85	77	15	10	1	57	24	53	32	58
57	36	60	62	62	68	21	82	87	89	39	51	84	86	35	32	84	49	48	46
69	82	10	70	32	47	3	17	83	84	55	92	56	94	19	29	92	55	81	20
10	64	24	26	54	27	53	54	12	11	45	44	3	100	22	13	18	5	92	58
35	25	86	1	23	50	100	22	48	73	40	77	4	60	71	7	8	91	11	28
93	14	72	32	20	61	18	55	66	38	96	94	22	54	7	36	55	14	33	66
73	55	84	31	70	1	58	28	55	24	79	57	11	56	77	15	19	44	70	33
9	46	87	100	42	77	84	50	22	30	97	9	23	39	86	18	98	14	65	49
89	35	59	30	32	92	10	40	36	10	38	81	30	38	10	86	98	39	29	60
40	67	8	85	78	3	37	85	41	17	5	29	1	80	96	5	15	60	38	97
15	97	100	78	8	68	63	83	39	26	79	53	86	13	77	36	61	29	29	47
97	86	77	5	17	94	2	30	54	39	96	82	28	96	84	30	5	17	26	84
84	98	90	4	22	29	84	81	27	53	21	89	52	79	92	53	88	48	76	23
43	57	50	40	77	85	73	53	29	5	46	59	64	36	87	1	10	25	79	45
56	3	29	75	43	7	84	61	12	53	61	96	17	35	50	63	100	93	69	74
16	84	94	38	25	86	70	43	61	76	76	94	17	87	32	9	46	82	49	78
3	98	72	17	51	98	27	71	95	67	6	76	28	15	59	16	56	8	23	1
43	84	10	34	77	98	24	62	54	5	34	49	10	80	60	13	37	29	24	57
68	33	92	62	12	65	69	63	15	56	19	77	66	11	68	91	82	66	18	87
78	53	39	8	19	67	4	34	20	69	95	41	34	71	78	67	97	21	14	99
18	99	78	71	66	80	62	85	31	22	2	88	25	39	48	76	16	44	60	60
32	93	79	23	78	50	52	25	25	50	91	43	54	69	86	8	92	22	97	20
6	90	81	14	28	27	82	14	39	82	29	20	50	22	34	2	33	67	95	59
16	37	33	55	89	67	9	32	84	77	1	68	85	65	18	6	13	59	96	7
39	72	92	14	99	39	69	64	38	3	90	95	16	26	28	15	27	16	34	18
81	72	31	56	89	63	52	99	87	68	94	57	88	68	64	35	66	72	28	68
54	1	89	97	30	95	1	33	41	90	69	27	76	62	34	4	44	58	69	50
88	61	66	32	10	1	12	25	97	97	60	77	55	38	79	41	11	10	81	1
15	36	41	50	58	82	87	7	54	53	1	7	63	42	13	17	89	88	37	44
46	12	83	81	94	7	64	21	50	70	1	57	59	46	76	83	47	27	31	26
16	51	48	34	1	80	29	35	51	73	97	60	36	32	29	68	39	85	49	84
82	74	43	46	100	87	40	49	62	16	29	77	97	75	26	17	56	96	96	80
67	78	81	88	18	22	85	89	44	13	68	6	49	21	7	39	29	26	19	82
15	52	30	40	34	75	55	47	96	24	74	29	54	15	77	41	23	93	29	59
10	23	10	83	19	5	95	28	27	20	88	67	75	90	80	36	71	58	19	73
54	75	31	92	37	65	72	73	90	5	72	78	51	71	30	64	28	60	9	14
9	94	41	15	43	75	59	14	26	96	74	17	28	3	51	15	93	53	64	56
36	73	76	87	52	90	30	55	21	76	9	30	49	34	94	6	47	60	15	21
11	80	71	44	78	68	62	37	30	11	59	36	77	6	18	8	6	93	36	29
85	14	49	33	12	18	49	23	38	19	85	24	45	13	26	85	8	79	30	29
75	44	30	98	71	21	96	75	28	20	77	19	92	23	84	35	74	100	76	28
30	55	91	16	54	47	51	68	36	19	76	10	68	29	74	23	70	72	94	24
85	94	87	47	64	49	7	48	95	65	73	64	4	44	38	41	12	88	20	94
97	38	43	36	40	29	4	16	52	10	44	15	93	60	37	75	29	77	32	24
78	2	67	20	41	61	37	63	50	35	39	85	4	35	40	1	86	61	72	98
89	50	27	41	14	48	35	86	62	11	23	83	67	82	22	10	55	63	20	3
10	52	43	76	73	85	9	65	6	23	77	59	52	98	31	45	1	41	50	84
66	47	77	23	26	2	8	11	42	19	19	49	66	2	72	53	100	33	48	9
53	97	74	37	66	93	81	67	42	76	54	75	85	21	33	28	15	69	40	18
97	36	83	42	74	92	24	85	6	39	42	21	55	35	41	85	4	43	50	70
95	29	72	22	34	39	31	31	93	87	20	99	27	76	49	20	88	3	30	65
31	22	52	13	62	26	5	94	97	53	74	63	12	96	27	45	67	27	42	84
7	5	67	97	98	40	77	84	25	59	87	43	71	42	73	90	4	53	11	34
31	53	7	83	11	48	38	38	56	98	27	74	60	100	46	17	1	8	3	40
40	48	37	70	18	19	14	76	16	68	54	21	21	80	66	92	62	82	73	33
67	50	2	22	11	71	13	28	100	90	100	79	45	69	25	64	59	5	20	47
7	95	33	33	24	48	33	82	67	33	96	100	47	91	16	20	74	48	67	40
86	5	82	52	65	46	37	17	15	47	38	41	85	63	13	10	51	80	90	88
94	7	22	74	12	17	79	43	44	36	52	46	82	66	82	47	22	68	24	85
36	59	12	41	3	37	62	11	33	74	74	88	37	51	14	36	8	98	71	93
17	100	28	19	71	42	98	93	27	19	63	11	98	87	42	66	30	72	25	74
19	14	25	40	40	14	79	94	16	66	79	26	22	61	38	9	6	58	13	52
71	89	16	83	94	23	61	6	72	67	98	6	56	14	7	49	72	94	11	95
27	41	53	72	75	43	82	9	69	13	60	15	77	32	99	73	78	89	75	58
38	28	30	99	80	53	59	13	55	5	19	39	39	51	20	25	24	18	23	36
61	3	4	60	69	19	24	58	10	74	15	4	7	3	50	30	37	40	37	85
72	17	47	32	48	78	66	75	15	25	49	39	3	34	45	96	96	97	52	18
18	66	66	78	29	30	57	1	13	83	79	92	99	92	17	66	25	82	80	32
28	37	16	99	83	81	19	79	30	30	93	28	5	48	47	38	83	26	7	35
73	22	83	77	52	80	75	55	64	68	27	60	88	6	99	98	82	12	30	78
66	85	69	26	36	69	94	12	83	56	83	14	17	63	50	6	4	12	21	6
35	68	22	71	63	59	62	9	41	90	1	92	65	47	13	97	48	30	45	86
4	37	57	30	53	23	23	84	6	68	20	62	16	77	20	38	85	88	62	43
26	32	97	23	48	43	98	23	46	62	99	2	20	95	19	94	34	73	69	27
44	10	30	53	5	64	27	21	23	49	82	75	85	11	2	20	57	72	20	2
76	64	78	95	31	88	28	32	3	99	49	53	88	42	99	94	29	100	47	47
77	49	18	23	24	57	42	28	24	55	64	3	90	35	92	39	96	6	99	4
51	11	70	29	64	86	35	98	2	5	46	68	41	70	54	18	55	100	8	77
29	68	62	4	58	79	5	3	89	19	54	91	72	13	8	82	11	13	33	49
51	88	33	20	35	82	89	69	14	56	83	74	89	87	50	54	84	19	61	8
78	85	45	97	91	47	23	98	86	44	31	46	47	23	82	20	64	84	54	89
4	18	65	91	68	80	67	67	87	28	15	50	19	45	80	94	58	29	23	17
51	65	41	24	89	30	45	41	76	9	3	81	29	27	100	2	93	50	12	8
30	28	82	90	94	47	26	27	57	66	72	38	15	58	66	34	9	85	98	59
70	70	55	86	3	31	65	25	73	74	12	99	98	40	67	65	60	96	38	91
5	7	79	28	81	6	35	36	86	35	11	28	46	89	21	26	49	33	92	80
60	45	80	14	75	63	85	52	84	63	21	65	11	85	85	41	2	13	38	31
51	50	60	68	6	74	42	22	67	31	28	2	90	22	4	38	16	23	4	47
43	56	80	76	66	2	53	55	18	76	49	77	43	55	24	51	30	37	77	77
73	72	38	45	5	97	6	62	68	49	13	52	67	17	55	95	62	98	23	84
69	25	75	32	84	81	50	85	79	97	51	77	10	1	69	65	24	65	70	30
87	86	92	70	53	100	26	26	43	39	41	23	65	79	75	97	93	7	79	89
65	81	64	79	79	65	45	42	59	5	66	94	55	52	41	28	84	73	29	59
74	23	56	77	77	6	31	77	39	1	69	83	18	54	29	7	30	65	30	60
52	44	11	77	27	81	36	96	94	64	54	73	96	93	89	6	77	18	85	51
39	63	96	38	77	65	88	29	89	44	92	55	1	20	41	21	65	12	63	5
27	89	38	48	61	31	43	39	32	66	26	24	1	41	16	96	84	31	18	37
60	67	26	6	54	63	44	52	10	55	55	29	79	77	78	41	83	31	9	32
98	91	10	3	26	89	77	98	11	27	27	24	34	5	84	100	71	19	68	65
35	43	83	95	84	3	4	26	81	51	86	28	96	39	5	71	94	62	2	68
39	83	73	72	7	72	96	7	2	45	100	81	48	99	95	19	71	11	44	33
65	14	20	98	42	86	16	61	83	42	87	53	94	25	42	52	4	85	30	40
33	27	87	16	68	97	69	96	85	2	38	66	91	93	2	44	17	94	37	75
16	19	18	45	93	3	8	95	41	36	54	2	31	59	35	37	71	29	50	4
90	34	41	2	38	78	17	64	18	77	19	4	14	90	74	24	50	44	1	44
89	57	47	17	84	70	74	79	55	49	69	52	19	42	74	46	59	12	29	74
36	45	67	89	14	48	7	23	45	25	82	45	17	70	93	36	30	30	43	28
29	1	96	38	51	15	61	69	21	49	85	4	54	30	16	42	97	14	24	8
50	83	55	76	93	5	95	55	13	29	37	81	46	95	1	50	94	77	61	96
40	25	69	53	71	88	92	34	70	44	31	1	43	14	28	21	61	11	60	39
61	58	62	60	77	42	71	87	67	12	25	37	17	69	16	63	67	83	64	45
2	53	92	33	70	48	80	51	20	41	25	76	94	14	20	94	96	52	58	78
59	72	88	11	16	47	14	73	83	78	13	11	5	19	40	70	72	47	11	76
46	5	5852	433	565	337	825	641	594	158	683	558	142	619	802	753	396	354	993	625	283	303
104	40	788	936	765	144	191	554	761	477	585	475	288	707	210	937	324	85	542	284
729	995	821	26	489	274	307	378	634	1000	698	874	453	184	225	623	658	80	496	80
938	224	567	667	398	359	172	386	181	228	645	112	840	680	558	961	534	256	132	657
321	935	704	222	10	870	214	676	907	378	671	704	357	700	731	104	995	159	78	23
66	467	737	317	347	955	154	811	166	180	929	873	339	137	61	854	629	406	453	735
772	612	188	811	118	357	38	682	433	117	328	819	378	893	6	320	939	857	137	561
52	889	779	74	109	727	46	575	595	50	124	657	218	653	882	211	132	34	991	443
811	798	410	576	542	151	405	936	347	400	60	792	31	396	240	177	189	449	602	779
45	230	18	984	385	707	983	558	470	952	828	852	619	366	945	190	504	295	786	779
345	208	450	189	24	974	783	896	22	517	613	262	102	754	569	893	58	708	559	207
901	291	680	736	755	704	168	108	72	865	77	774	36	15	657	545	360	608	264	621
627	800	242	247	929	319	423	648	746	334	583	456	227	458	558	259	536	410	619	487
480	416	394	751	462	334	48	502	816	224	541	345	693	521	758	357	224	736	842	771
277	133	273	664	927	451	713	563	140	516	155	549	100	870	955	559	310	543	397	764
724	900	682	916	730	514	68	20	470	483	225	436	95	29	475	372	435	599	1	796
500	707	560	757	868	315	971	766	213	390	924	564	258	854	772	714	356	968	266	432
165	834	133	577	828	98	715	414	397	645	840	636	241	678	790	612	720	659	66	39
104	614	935	797	980	60	346	842	632	545	986	293	318	350	70	966	173	926	935	365
561	309	123	340	983	482	283	569	349	638	623	273	42	23	450	841	699	55	448	923
17	586	522	751	746	981	441	305	887	402	10	215	432	90	841	548	491	682	540	237
31	422	263	410	707	131	938	365	953	795	960	540	767	709	78	594	799	192	321	544
756	545	753	384	884	939	452	886	131	397	284	117	422	872	742	110	698	730	151	943
622	405	599	652	309	218	405	404	608	80	542	777	522	665	916	799	827	402	592	249
683	691	228	372	113	718	229	904	776	938	918	495	402	81	683	157	484	311	464	964
128	745	511	677	602	241	693	887	175	547	638	274	758	677	838	94	813	553	982	315
874	241	144	178	283	759	638	885	712	286	53	420	180	890	94	878	599	211	698	961
450	202	424	164	984	397	768	557	720	99	316	631	276	954	903	363	796	797	285	206
558	27	141	922	588	902	663	829	311	270	746	699	702	605	528	273	416	248	415	741
241	249	173	793	729	236	390	7	789	236	501	508	568	613	325	670	917	578	250	571
394	717	62	268	614	484	135	658	664	12	321	923	645	951	445	389	16	242	508	871
870	772	587	289	905	814	216	403	214	321	993	202	341	990	714	558	394	200	423	502
674	250	1000	829	955	168	653	316	847	227	462	628	321	856	940	559	772	845	635	693
3	787	246	185	137	966	437	323	945	51	36	958	31	719	2	208	514	242	83	702
848	418	105	877	837	278	166	170	164	955	601	890	193	404	652	177	309	273	288	533
383	347	529	605	22	140	982	32	333	560	921	373	127	729	420	359	516	822	27	701
839	359	570	345	406	579	828	730	264	263	457	261	795	456	837	777	394	353	786	78
470	988	819	565	563	735	8	845	703	635	639	722	964	530	201	320	595	560	908	429
202	558	960	693	482	44	309	498	496	861	89	447	191	440	705	784	795	873	58	292
190	566	891	295	11	778	526	665	879	474	504	422	41	179	463	153	691	152	161	672
324	918	877	664	317	596	867	799	479	522	174	230	398	552	463	425	231	386	513	895
787	294	807	42	469	732	704	493	782	726	15	726	350	293	432	269	774	753	935	540
260	408	191	660	211	227	797	305	824	733	337	456	345	430	511	512	351	474	185	11
905	953	850	458	499	113	929	220	913	744	668	670	157	242	88	974	699	148	439	142
992	862	359	362	578	250	17	858	300	914	453	464	188	896	980	936	130	263	388	145
870	202	205	5	757	36	541	666	305	670	247	66	788	387	150	917	257	588	862	8
338	683	208	299	891	900	876	830	193	653	627	507	718	854	485	579	74	258	969	423
336	943	149	950	841	641	1	418	598	814	15	760	775	296	672	901	193	591	638	347
893	406	653	420	42	336	884	513	22	788	785	647	754	876	902	526	609	692	702	639
17	199	633	194	869	352	710	300	611	665	251	502	863	783	927	839	637	491	456	70
114	35	867	641	734	10	328	877	81	144	555	696	409	553	726	98	617	74	758	26
246	182	883	270	417	472	556	162	221	323	174	937	248	990	467	25	472	189	499	769
954	439	846	304	119	235	460	336	360	710	569	103	85	546	622	378	264	212	731	774
875	698	565	995	855	730	229	169	405	972	562	233	370	326	777	810	942	92	861	536
914	715	252	616	968	591	33	838	791	706	970	354	573	857	454	168	809	208	557	162
553	513	439	946	610	203	912	386	59	918	256	819	255	870	58	41	606	795	423	286
577	106	634	24	215	263	368	117	523	392	231	947	277	471	688	568	782	445	140	222
902	230	595	906	509	788	405	178	499	59	334	63	641	251	185	403	32	393	202	660
987	638	969	92	592	588	324	898	358	884	396	211	221	719	79	531	119	658	615	699
228	821	962	191	253	919	196	824	793	784	561	78	120	743	643	755	659	900	518	298
794	757	705	250	399	942	258	666	167	373	489	961	729	879	771	190	739	740	833	888
160	605	242	192	637	315	879	952	488	489	794	392	622	187	732	149	839	5	372	733
117	408	558	707	717	423	106	283	462	111	893	182	422	675	743	170	337	772	51	294
628	43	192	672	822	3	476	264	721	398	880	803	52	417	367	424	658	19	847	912
449	153	620	608	961	47	671	921	333	707	726	337	961	375	357	214	96	546	621	806
378	718	120	963	667	191	799	858	598	854	560	183	782	404	53	434	419	531	538	11
660	903	246	726	724	482	37	132	816	511	720	328	6	415	423	521	625	293	924	791
549	298	95	281	482	123	96	385	733	508	268	509	310	194	7	661	771	640	604	203
143	719	254	745	826	45	715	892	226	303	258	587	351	291	21	614	157	924	489	978
220	750	650	384	337	925	626	822	297	214	473	488	567	935	659	533	953	351	483	809
623	48	416	487	792	285	123	95	89	572	520	368	474	906	754	968	92	590	983	330
856	186	826	44	6	334	521	51	745	612	173	983	914	647	505	76	147	816	971	399
289	276	494	863	688	378	89	455	754	938	252	556	575	694	654	588	16	482	283	412
923	928	206	289	450	571	83	404	894	763	718	81	251	229	399	706	289	113	180	607
313	467	663	364	793	645	696	646	458	822	402	404	147	695	160	12	789	936	612	673
520	967	570	840	63	414	877	369	274	183	87	785	974	176	181	661	758	299	538	461
11	612	210	700	85	37	259	225	919	831	756	213	426	187	849	836	807	868	849	872
106	675	564	644	284	41	687	192	47	249	96	444	939	164	166	951	777	959	63	249
461	190	509	721	548	577	992	226	967	700	596	698	230	957	88	570	847	617	558	30
156	816	974	638	799	871	138	768	121	310	500	240	878	403	748	852	288	578	344	597
682	390	99	614	885	268	910	550	372	575	412	154	643	897	980	772	650	402	507	854
630	160	476	808	302	613	72	711	624	761	954	965	917	512	805	82	725	824	183	246
468	714	130	354	134	864	433	923	851	794	646	900	29	929	4	888	710	546	557	103
466	699	373	464	279	611	67	684	768	596	293	294	573	901	192	286	276	721	276	443
503	767	105	170	540	856	570	670	331	83	962	820	657	291	660	685	460	445	847	203
625	586	369	608	860	324	579	183	215	278	480	500	16	424	850	972	360	267	829	477
367	303	448	765	192	605	157	508	399	744	86	567	281	914	452	466	964	892	630	795
789	857	28	835	40	790	297	349	779	679	375	591	898	702	608	517	536	732	786	806
441	43	829	920	236	263	496	753	674	223	551	458	458	171	601	525	997	780	46	977
978	971	775	512	655	878	843	778	306	481	98	17	157	805	369	487	130	324	605	648
676	714	490	109	403	551	878	339	422	42	242	911	170	579	444	828	784	971	907	511
345	226	519	679	467	374	911	689	774	626	634	495	84	691	922	268	82	407	974	958
624	897	126	101	728	900	266	578	252	852	464	233	297	997	471	134	920	205	411	754
37	952	53	6	246	220	924	493	329	412	318	674	351	152	807	76	326	415	10	55
625	203	71	951	489	395	192	745	53	838	684	893	566	197	810	303	41	584	296	454
464	105	519	781	436	455	249	880	57	795	849	298	149	689	478	143	108	754	744	925
456	380	373	574	89	157	754	909	894	381	822	692	764	396	535	791	663	93	496	671
385	686	526	810	92	813	181	177	77	492	405	77	123	17	857	471	393	69	866	817
999	186	760	360	937	957	251	271	198	743	662	507	16	991	18	20	809	517	86	250
842	947	43	693	157	448	493	582	28	336	205	589	297	520	479	359	623	109	640	544
694	845	468	432	528	96	732	448	727	752	332	47	993	788	745	612	673	969	761	174
210	293	3	109	692	427	889	70	587	529	503	763	380	563	855	910	437	779	543	4
955	202	981	592	874	502	769	493	700	327	956	759	272	288	662	357	315	131	564	837
777	604	819	298	742	271	993	921	818	655	251	830	154	964	953	768	364	400	602	800
472	648	771	128	725	288	959	425	931	402	74	571	717	827	646	182	18	228	869	346
371	91	849	73	421	648	913	210	793	757	404	136	359	54	346	312	650	680	86	760
659	649	783	713	480	132	49	13	801	45	873	793	33	551	229	884	145	308	220	865
64	339	167	851	779	446	181	274	796	399	509	815	506	538	962	889	439	888	50	246
209	946	577	492	660	168	533	370	898	739	174	912	14	617	529	915	227	852	445	181
228	991	276	398	95	602	350	911	505	597	109	997	523	541	372	349	629	825	734	132
151	744	429	666	545	611	271	254	808	591	479	311	100	814	675	523	908	26	473	80
503	837	812	161	926	53	534	545	507	686	654	93	281	958	563	346	983	555	984	674
410	137	322	792	209	926	466	49	835	687	647	122	357	387	623	240	110	187	328	972
240	260	742	150	656	280	399	832	544	958	15	44	161	495	879	793	241	634	752	86
71	902	573	327	284	206	457	105	894	162	686	796	621	538	515	779	279	989	820	236
64	481	145	742	15	325	35	806	629	208	83	231	802	614	912	981	543	5	923	838
184	843	365	623	668	180	322	450	898	490	947	453	335	816	911	86	533	268	498	836
809	682	969	259	370	945	864	848	235	248	280	17	578	676	575	995	738	953	949	842
343	164	485	836	818	111	694	504	147	482	395	597	55	936	557	373	812	246	125	723
597	12	272	845	15	722	876	425	745	704	113	296	123	590	920	826	339	366	356	357
820	360	127	397	682	299	346	439	913	312	674	850	193	378	43	429	48	213	453	400
674	202	354	691	404	379	887	668	690	196	844	712	449	783	572	20	958	717	743	537
892	556	159	265	893	88	347	59	603	995	206	101	922	131	686	600	357	388	893	437
732	850	367	995	265	101	763	766	734	497	829	51	217	252	723	358	183	176	170	328
18	783	693	115	605	382	270	230	351	300	322	601	71	716	654	314	540	320	856	283
538	778	988	872	909	36	588	345	680	60	150	138	502	401	40	985	15	447	344	509
334	79	662	547	653	937	986	168	555	966	225	506	716	508	630	422	293	406	603	214
161	578	681	250	652	71	36	652	556	544	92	374	25	351	528	136	964	120	185	380
267	333	333	746	695	610	747	960	645	788	780	46	592	330	235	454	402	251	270	860
702	986	937	976	283	718	582	534	703	665	600	421	302	773	236	334	764	681	279	261
203	606	874	824	555	5	354	834	59	20	138	810	687	478	797	384	741	220	906	785
662	244	510	521	634	572	143	445	865	629	237	718	507	236	764	592	152	108	810	618
562	610	767	2	955	519	72	918	727	850	980	467	817	476	187	791	428	359	235	189
326	678	921	464	987	797	579	318	938	338	233	261	111	365	211	53	357	512	919	842
701	428	956	554	719	27	942	483	789	431	384	448	476	59	847	469	411	550	176	452
291	337	810	596	831	673	252	487	620	803	547	942	390	454	25	804	383	466	323	155
964	129	494	574	133	249	282	939	439	95	17	275	842	209	238	629	654	26	672	731
856	369	247	632	236	970	775	783	117	827	693	712	680	244	147	827	970	625	450	950
832	755	467	906	506	728	205	229	992	307	164	804	119	618	292	711	987	233	378	600
927	279	573	494	815	747	745	16	918	733	246	54	570	117	249	726	237	266	771	150
882	881	746	319	273	4	975	301	349	54	119	90	207	957	703	62	893	274	901	219
997	321	75	243	801	123	688	349	78	259	21	460	595	793	747	281	846	41	233	66
287	693	939	710	475	410	483	892	490	614	183	82	6	458	528	460	67	760	593	16
247	12	863	737	24	958	220	684	452	590	92	995	387	63	256	673	31	727	726	562
626	550	383	989	290	67	143	723	719	21	169	770	952	795	880	22	211	59	384	854
958	429	261	467	885	308	775	147	943	184	102	431	369	382	267	50	780	857	856	100
125	523	779	98	811	509	426	418	416	370	140	289	680	144	609	427	986	654	95	696
882	52	806	364	683	178	239	967	972	923	78	705	651	230	3	388	37	557	55	571
50	966	522	306	66	127	910	692	225	762	628	659	763	670	433	312	289	934	618	353
721	566	616	870	555	918	813	370	67	417	30	677	748	338	27	540	178	639	1	623
863	548	209	651	519	406	974	64	10	138	265	489	581	521	662	63	430	405	250	735
871	269	890	818	305	657	685	890	876	689	948	826	108	638	578	646	820	292	671	845
800	352	581	779	702	953	630	34	658	198	100	155	470	894	927	672	333	34	667	634
178	339	459	272	919	308	518	599	581	158	241	655	506	599	998	186	304	357	500	618
141	544	187	282	131	709	406	219	592	577	578	39	919	203	697	293	65	492	284	733
979	146	532	233	219	432	223	144	970	221	934	290	891	524	900	648	102	780	237	620
740	788	228	137	821	332	824	961	617	108	66	930	965	336	27	586	490	489	831	555
718	390	19	994	10	31	844	919	262	723	205	213	261	174	562	419	799	286	229	356
567	576	777	927	716	309	766	860	977	29	249	601	982	927	845	640	96	916	509	885
657	481	934	870	130	644	444	633	610	363	29	823	199	694	528	559	491	285	306	466
199	59	459	718	401	926	308	463	424	411	349	576	361	297	549	911	535	135	236	740
208	617	895	607	286	408	639	692	321	396	16	884	817	960	922	564	721	239	157	386
156	497	860	309	158	903	553	397	988	204	666	175	554	832	387	35	936	929	479	529
869	846	232	831	949	62	396	675	415	812	125	634	148	536	446	734	48	276	584	627
438	307	361	776	343	158	499	619	165	697	588	944	874	524	272	126	428	846	839	59
156	525	818	599	426	716	567	383	344	574	440	898	840	250	654	65	70	772	464	240
471	244	190	771	982	455	723	223	182	92	330	640	334	353	89	231	347	554	358	232
114	853	925	335	275	526	723	40	46	965	772	169	561	568	755	261	832	821	529	183
555	962	634	266	281	839	620	993	711	563	141	712	552	795	991	509	553	34	535	60
478	325	674	915	341	910	567	543	566	606	96	740	967	85	959	102	748	689	529	936
725	755	629	212	856	427	783	417	847	365	920	520	757	302	21	153	804	820	196	93
993	195	246	635	700	150	122	673	518	672	924	661	739	590	150	494	897	366	532	995
505	751	534	414	742	377	100	152	202	395	262	131	914	993	616	460	574	306	158	523
56	160	837	155	378	73	914	581	959	437	584	791	373	97	783	109	774	495	598	703
847	423	875	856	436	639	137	905	780	892	929	928	559	746	436	441	426	598	388	782
345	403	5	110	390	460	149	663	842	223	759	737	878	434	27	567	151	188	845	442
514	216	709	790	700	984	133	802	973	191	586	41	349	144	663	896	872	206	361	594
995	889	982	683	890	610	654	511	764	852	196	660	854	647	754	610	974	673	667	343
176	100	967	200	381	403	81	62	299	787	564	635	142	803	28	219	156	179	303	43
106	884	958	455	981	736	191	972	2	405	625	741	369	728	821	94	794	128	540	16
456	255	504	980	892	684	673	679	438	388	767	878	824	747	614	892	894	222	709	480
22	902	122	357	87	293	581	429	9	202	608	320	417	731	790	153	2	556	465	528
847	468	266	803	767	435	265	386	823	651	958	393	444	613	825	651	205	741	787	183
888	318	484	158	763	851	755	718	876	882	686	704	901	417	439	150	169	566	880	857
503	34	182	693	300	285	378	858	11	645	39	833	97	508	951	598	532	699	442	186
76	837	630	545	124	419	166	54	97	269	551	877	899	427	685	534	595	6	401	872
347	299	780	438	495	152	430	542	174	38	293	263	453	532	428	45	867	804	161	13
224	855	364	478	977	30	429	81	680	218	337	861	742	47	232	789	490	354	540	592
427	597	147	972	795	480	754	569	788	886	650	142	954	208	876	495	208	687	754	850
862	310	320	328	200	101	694	64	179	141	115	153	181	301	330	231	475	105	233	330
593	2	466	83	84	882	545	746	174	929	274	423	910	686	89	580	507	608	505	554
131	692	150	302	884	282	376	526	865	684	479	51	642	466	652	234	843	346	78	371
769	39	50	241	27	953	555	436	166	982	303	113	561	273	303	207	712	806	593	500
169	135	474	887	269	435	318	127	92	147	856	526	767	706	145	231	430	274	831	506
533	66	615	642	643	330	334	838	200	482	310	258	28	417	690	892	939	895	699	613
420	146	839	718	888	982	319	829	646	344	79	439	106	178	497	374	246	351	556	216
996	805	593	613	795	254	259	97	123	62	908	105	841	314	653	440	179	340	462	769
522	607	143	174	144	384	444	541	273	363	680	807	334	937	657	934	848	99	334	855
547	888	73	58	468	552	50	767	510	723	254	630	582	149	572	940	994	808	179	493
80	768	701	752	219	107	319	386	846	937	825	862	657	386	77	919	275	798	730	422
84	107	724	571	568	986	907	614	148	937	640	733	80	527	654	727	746	59	578	386
114	28	189	690	882	299	186	760	254	393	446	851	806	416	685	190	357	639	111	528
564	772	59	220	193	160	594	731	821	649	965	679	133	729	908	576	742	945	776	292
548	451	188	129	668	133	293	170	952	381	177	292	988	315	451	752	188	848	76	236
166	858	318	655	97	335	633	811	841	218	210	279	216	69	899	907	361	786	214	282
719	536	885	315	408	523	329	389	898	495	675	763	870	129	765	666	745	128	999	601
479	893	886	396	291	578	285	950	41	104	52	48	101	281	118	869	629	515	504	980
692	913	970	498	96	509	73	575	987	924	373	868	881	275	122	153	936	608	126	331
480	527	710	5	732	568	284	152	358	889	385	526	206	415	304	598	210	801	796	874
647	745	467	422	611	887	651	356	561	82	227	736	136	815	580	646	484	984	253	720
573	487	282	37	698	944	330	348	667	118	346	575	630	965	196	314	205	250	529	559
993	427	591	345	917	138	172	219	423	92	852	900	210	499	27	259	693	405	614	965
446	815	943	620	293	52	818	755	142	58	441	420	395	140	705	836	714	16	811	305
668	498	638	902	230	706	574	92	530	534	575	393	679	456	445	638	493	997	600	329
503	272	80	529	512	813	597	323	473	665	20	924	133	544	764	10	999	239	582	578
558	537	53	557	723	244	724	984	549	800	79	89	526	505	450	769	531	103	129	309
273	688	400	147	101	653	636	493	18	822	13	443	730	507	57	112	585	761	446	956
757	817	373	779	612	894	772	221	547	437	56	587	837	116	866	943	825	172	244	237
948	887	579	39	947	790	540	36	757	148	565	686	492	224	122	670	680	834	707	158
211	354	875	749	38	943	483	389	435	278	571	748	71	582	798	967	403	1000	581	96
327	291	348	720	570	303	568	894	952	947	545	383	910	275	949	766	60	642	672	331
125	458	891	848	993	837	78	516	164	802	995	576	196	718	871	381	788	563	729	708
887	854	791	754	605	728	226	110	640	253	86	363	75	906	528	793	571	354	987	596
856	276	752	77	215	337	353	266	264	877	400	815	708	786	466	310	528	492	203	195
611	832	665	513	405	939	348	336	623	129	405	401	866	761	1	793	838	284	347	308
170	605	814	436	422	279	650	522	96	38	130	473	933	920	292	656	323	928	100	229
134	34	712	607	334	46	547	248	355	676	341	705	374	349	121	856	903	187	824	345
917	822	757	765	914	434	517	365	188	170	39	267	696	421	740	380	335	1	773	78
942	291	707	646	489	791	369	221	15	254	533	980	560	980	130	945	735	392	711	941
250	883	582	545	953	420	471	87	870	982	833	484	219	636	88	628	217	521	219	825
281	534	51	665	48	746	41	721	339	814	755	866	764	672	574	337	173	739	127	609
448	663	166	663	855	14	400	382	2	197	199	723	39	224	685	539	784	735	55	545
803	387	55	267	90	520	865	677	765	615	479	283	804	309	51	46	449	158	661	108
529	278	547	795	100	606	979	50	430	804	253	975	356	393	127	568	672	610	229	173
507	939	94	226	789	945	610	130	944	826	343	675	779	396	283	524	217	315	148	222
39	123	636	287	408	7	182	505	760	386	615	834	639	863	240	57	265	794	871	493
182	378	670	976	421	804	456	86	787	464	997	193	80	554	45	680	267	745	338	535
688	600	157	896	595	911	700	416	832	985	841	843	234	439	843	690	68	152	134	783
997	642	612	384	549	431	879	493	692	872	416	764	679	478	248	645	873	157	240	874
809	806	892	419	774	662	564	133	260	126	378	187	152	860	282	640	183	559	341	361
960	401	812	180	18	328	571	858	963	989	43	356	762	23	316	809	416	87	712	338
27	755	584	764	97	142	343	129	336	984	736	156	844	616	41	996	851	993	202	437
926	135	423	853	581	324	846	494	738	689	148	438	743	666	233	418	645	472	190	766
63	620	755	495	79	305	435	279	929	18	257	451	35	189	888	1	835	158	442	277
906	126	952	678	285	133	564	76	339	337	529	917	290	955	965	947	206	492	817	278
298	356	57	644	126	388	31	634	799	803	39	701	335	932	569	126	946	642	917	924
385	644	640	407	136	169	943	115	880	782	56	121	642	817	535	388	327	399	336	338
937	867	635	414	394	67	757	346	697	766	778	433	660	684	199	622	679	454	407	884
364	654	866	217	790	4	233	374	111	211	68	547	866	317	658	164	550	247	932	349
415	786	762	596	523	38	289	457	443	667	797	800	103	315	83	561	242	343	109	740
496	138	66	666	544	78	115	994	484	16	497	843	428	130	506	104	781	430	680	129
435	751	220	399	140	207	97	930	18	649	918	890	80	421	819	723	982	819	565	812
151	524	299	311	724	274	145	666	171	904	305	704	505	342	292	800	616	161	241	300
157	716	919	534	967	372	752	352	729	332	321	68	999	831	438	533	653	349	482	577
33	419	18	95	443	64	478	867	967	522	266	199	683	955	808	988	763	984	439	693
521	41	78	114	816	737	906	54	229	431	408	814	686	990	534	382	731	665	341	978
79	999	819	29	211	33	794	585	705	204	217	912	380	40	465	714	650	213	761	392
409	929	401	442	953	642	810	177	162	398	273	870	19	75	590	156	56	318	288	370
57	513	897	412	517	5	979	896	582	906	988	45	760	408	676	874	691	1	509	332
992	381	193	390	800	582	508	464	414	804	412	368	627	612	916	618	380	783	25	298
402	538	198	630	105	574	70	205	706	642	698	424	839	41	642	867	37	934	395	608
718	509	272	395	956	175	388	118	277	599	398	193	957	601	918	969	170	600	550	287
661	913	724	676	21	162	618	444	242	986	533	628	272	148	179	628	1	148	166	547
928	12	933	43	95	263	602	606	591	99	15	564	861	262	392	707	661	570	386	42
728	85	116	13	352	260	643	816	902	518	284	411	566	699	994	160	249	55	837	436
783	748	838	815	446	869	317	911	133	259	801	200	820	188	890	192	661	223	213	206
438	47	155	658	204	551	868	922	468	233	433	30	431	210	541	229	169	776	196	695
923	242	795	735	86	947	328	546	93	819	18	116	325	454	680	689	65	536	710	873
60	14	914	812	842	104	750	903	532	211	271	287	115	168	127	463	999	808	176	679
690	739	255	7	943	358	93	351	740	777	84	804	763	203	547	11	300	933	336	218
881	940	841	124	525	93	539	778	365	73	98	700	910	687	79	838	633	316	490	772
468	328	763	910	780	145	562	908	618	545	185	801	207	105	702	193	490	733	239	674
408	891	571	119	736	393	200	833	637	580	548	818	756	873	387	23	241	558	388	611
744	988	363	364	953	305	338	906	327	283	961	63	513	428	778	111	191	40	92	171
608	49	942	586	347	407	649	247	464	355	877	698	319	274	911	596	59	788	652	350
428	492	199	53	402	239	811	595	138	50	934	134	733	745	337	371	114	83	434	949
763	776	257	586	230	230	876	723	292	843	640	981	484	416	286	854	111	455	199	873
294	744	240	324	17	227	903	917	718	887	607	36	276	273	551	712	785	874	713	305
757	816	840	668	118	50	200	631	538	637	295	920	254	286	256	121	176	654	388	166
765	273	963	68	808	478	597	529	515	352	457	758	817	924	669	802	949	722	596	156
28	205	611	451	165	749	40	381	113	699	609	662	1000	13	753	843	115	207	357	572
741	274	443	425	190	239	881	113	471	33	113	855	864	62	79	56	46	190	414	705
156	584	691	308	913	713	163	827	147	456	982	768	606	472	514	716	738	711	743	926
6	953	405	212	902	162	436	515	549	848	829	325	437	71	879	943	922	706	390	336
543	362	228	566	578	683	971	603	468	532	958	660	916	576	862	852	807	94	977	68
911	986	674	976	874	344	909	748	973	175	336	584	652	772	893	233	768	37	186	327
487	555	796	396	924	757	538	335	711	231	298	792	573	285	326	410	681	387	481	445
294	761	499	402	354	612	783	61	287	216	820	697	132	186	985	253	5	793	624	497
812	318	14	375	151	389	864	932	315	573	323	181	18	424	204	407	564	404	610	849
966	334	416	871	426	218	875	821	406	839	347	615	187	149	260	65	96	528	103	999
300	702	591	8	860	590	823	543	418	630	163	457	849	812	865	29	425	311	979	449
617	970	625	632	266	541	82	873	95	167	891	690	675	68	699	665	421	403	590	140
741	535	418	12	854	202	55	94	765	958	63	26	491	329	267	864	390	616	869	745
31	913	860	557	888	31	125	401	425	836	108	184	75	122	545	19	32	642	684	996
918	477	573	144	671	41	70	241	808	979	351	205	898	80	13	276	664	498	734	305
961	715	452	831	963	647	897	68	463	860	600	980	145	179	410	573	685	55	650	641
944	957	342	595	512	395	611	645	819	233	152	252	30	425	318	542	351	357	296	118
698	369	66	578	961	686	820	226	287	396	796	503	583	781	70	983	413	814	65	706
326	381	6	104	442	408	553	546	805	333	49	791	646	248	357	956	396	518	431	583
694	226	817	137	923	698	518	805	449	617	996	991	951	129	983	218	936	361	200	885
943	744	661	976	813	542	136	974	960	850	167	648	281	654	643	19	440	287	623	822
602	203	534	809	988	945	657	847	194	244	406	945	171	735	628	901	704	268	743	165
836	233	353	543	420	829	814	7	930	204	647	762	640	145	735	998	361	337	428	578
860	174	903	387	997	460	681	691	345	849	422	574	310	687	868	57	948	366	532	293
483	866	404	371	101	352	69	418	568	231	595	842	596	381	353	401	111	48	44	476
290	15	668	355	83	820	287	955	978	756	208	954	960	626	642	852	856	24	793	186
336	591	138	203	186	837	368	260	81	583	488	425	544	465	161	598	573	970	642	226
745	946	418	338	886	225	239	811	248	762	668	196	866	322	20	221	803	751	922	74
722	620	448	914	593	787	930	131	856	49	945	878	297	231	960	983	319	168	82	392
312	766	134	720	258	673	944	354	210	496	418	244	334	486	848	994	241	415	510	793
486	585	761	984	735	556	564	431	981	316	896	564	333	568	296	174	221	434	60	944
683	491	622	917	186	912	248	327	598	194	519	66	17	903	691	893	620	961	91	61
926	17	838	75	498	374	140	935	594	265	192	588	618	800	683	709	27	464	689	35
925	843	177	65	792	113	288	932	404	246	782	127	993	486	811	976	900	795	973	988
241	549	13	989	635	357	298	799	799	981	212	751	446	604	746	313	949	334	491	752
821	733	209	816	754	455	128	337	711	160	590	554	677	239	488	282	523	184	628	702
857	544	477	463	449	758	5	132	238	942	448	508	748	1	663	898	995	18	817	978
511	61	765	518	175	55	3	949	14	328	404	508	454	577	454	335	246	520	3	609
245	627	909	729	120	672	61	641	649	737	658	14	618	601	766	497	192	80	130	94
497	431	719	841	618	377	894	497	414	557	958	61	163	476	23	738	630	489	1000	204
428	567	251	625	163	594	946	722	42	69	893	523	76	735	406	176	93	667	684	311
783	401	235	928	696	216	866	380	434	761	519	843	926	56	943	659	382	901	409	604
416	327	627	810	328	472	437	744	551	485	514	901	115	811	736	586	460	445	200	699
310	877	691	146	7	788	885	661	842	522	844	333	408	713	497	74	455	827	689	7
18	829	708	819	181	766	886	213	253	358	949	893	958	575	333	908	445	447	777	502
422	612	429	11	820	476	428	141	662	479	75	861	308	590	689	600	768	470	731	778
44	778	58	680	171	34	464	949	50	305	160	940	190	803	888	528	787	349	577	826
49	373	368	774	13	288	491	521	154	524	981	238	68	7	228	629	811	86	578	500
572	416	91	940	458	825	813	695	216	49	821	82	614	112	77	90	363	439	610	322
482	512	253	616	39	324	27	19	85	795	633	373	502	301	314	945	460	957	687	826
304	758	192	876	307	833	224	381	629	144	152	424	935	35	733	668	614	166	879	287
510	629	900	162	161	906	390	739	346	742	295	602	450	527	601	1	689	9	273	510
453	395	243	647	241	275	784	536	780	633	295	89	804	467	209	458	336	749	535	917
495	933	941	1	475	502	832	71	537	966	592	776	423	49	62	426	395	182	194	903
991	195	260	958	906	560	461	176	964	619	245	479	523	170	12	689	413	185	36	63
216	445	30	999	362	220	77	702	365	955	139	217	425	498	623	586	3	969	78	6
935	247	204	726	845	936	5	487	391	361	605	775	879	390	845	763	427	443	183	433
10	958	695	522	675	578	609	635	883	403	289	891	360	950	86	780	137	50	894	35
67	911	396	436	734	960	332	770	309	283	217	730	900	222	5	60	829	389	771	382
908	791	258	833	252	355	954	837	197	809	959	799	805	864	727	333	482	743	588	671
704	624	961	147	855	748	127	971	567	195	766	238	214	217	94	796	349	476	862	11
174	90	519	824	35	209	187	739	923	769	610	377	66	306	430	364	403	187	757	256
989	733	596	595	630	598	740	107	69	67	122	400	910	733	247	14	110	878	716	148
650	488	220	795	909	1000	477	19	550	67	674	907	334	617	632	800	818	554	828	746
634	356	437	327	602	853	396	927	191	359	993	649	368	743	654	386	965	517	614	755
314	969	340	561	145	70	174	819	998	219	494	776	308	218	226	547	456	455	288	794
14	787	953	839	123	369	843	200	697	853	661	124	747	423	332	29	735	364	585	503
906	318	807	759	172	418	483	718	788	586	674	462	171	965	507	531	541	526	409	549
937	870	2	294	394	776	309	663	465	823	492	968	188	361	932	228	843	519	167	238
898	251	452	263	620	233	188	882	163	316	592	630	774	33	804	446	925	16	726	924
179	148	64	128	272	820	647	790	355	863	796	840	662	555	553	244	358	478	331	471
82	334	29	612	294	955	294	988	51	21	502	396	630	828	834	558	263	90	80	905
994	561	318	32	709	700	800	285	408	794	957	384	966	350	539	905	7	735	147	805
845	341	968	795	933	751	608	270	12	201	565	168	716	425	984	36	190	137	822	663
387	531	840	178	620	224	963	623	540	398	809	340	911	551	408	872	669	11	541	447
63	852	982	258	920	264	845	325	802	120	416	71	885	604	977	177	98	694	672	590
876	296	136	801	875	752	935	739	658	773	994	136	290	183	291	419	996	760	15	47
620	839	394	154	235	208	15	945	855	169	699	947	70	614	580	77	950	784	226	266
634	471	799	44	663	794	864	212	633	628	130	706	628	853	74	179	810	494	923	60
70	359	777	328	421	697	248	511	787	498	421	50	502	905	699	383	267	787	861	517
82	599	899	121	337	875	892	968	347	299	270	960	207	682	200	380	227	769	892	6
936	853	256	501	933	171	143	107	320	343	518	416	462	751	943	115	710	865	660	757
177	621	222	651	68	350	976	80	562	442	313	238	760	958	489	181	573	510	510	175
853	154	84	179	711	214	455	219	917	799	485	101	10	521	842	286	220	703	375	552
734	790	388	799	482	695	496	93	997	486	522	251	352	175	29	191	569	271	402	256
782	666	480	508	609	765	23	336	812	589	694	585	413	295	794	155	848	837	184	508
536	293	346	199	467	424	343	820	946	964	212	711	699	320	797	7	660	442	639	951
367	4	280	314	147	802	34	498	74	538	785	456	932	400	860	457	371	150	470	183
112	545	279	121	718	654	170	788	296	865	632	243	979	178	125	851	414	785	440	888
546	324	276	761	300	182	778	628	698	274	349	512	881	484	927	852	32	848	546	134
85	50	87	802	445	7	522	436	514	833	587	595	534	190	151	987	356	586	212	446
736	1	24	543	475	181	853	394	394	63	203	625	89	593	129	468	39	542	228	752
240	424	482	749	964	262	663	745	588	507	934	836	234	798	637	841	552	345	858	468
896	292	64	254	505	449	170	629	438	506	428	374	538	741	17	56	408	654	559	353
316	704	892	82	295	307	523	645	103	761	30	925	180	105	670	244	361	527	164	541
48	464	632	573	368	381	107	567	279	634	723	741	79	804	964	977	437	697	316	290
306	672	268	705	20	278	437	88	60	75	305	387	703	29	170	889	808	227	850	18
749	346	620	233	155	794	694	248	213	875	497	702	38	928	565	930	873	624	862	586
322	284	165	983	197	68	122	682	719	71	694	893	940	367	777	874	37	121	223	253
601	244	518	801	763	450	337	962	746	419	280	126	299	952	709	663	729	925	457	822
196	851	443	968	195	991	13	125	631	87	445	726	328	12	14	598	962	391	774	246
599	47	69	496	744	490	279	912	538	783	436	996	648	56	46	536	282	76	971	959
23	949	495	896	726	888	352	796	437	723	118	991	213	89	728	756	901	942	443	959
867	189	650	845	694	618	344	446	829	208	380	116	818	379	301	137	522	537	159	818
452	882	73	973	695	325	496	623	537	421	9	359	844	734	179	600	543	507	609	268
812	957	307	83	738	250	685	652	275	463	886	745	350	51	899	457	57	122	176	58
193	717	107	196	210	471	493	612	950	42	615	126	89	109	268	860	696	745	379	102
129	153	935	117	169	868	127	744	728	546	258	557	278	757	382	119	178	300	827	113
742	493	55	796	573	681	376	144	108	268	176	510	16	996	914	355	70	499	882	475
903	643	542	914	705	505	196	857	547	979	349	257	362	577	797	36	16	390	917	577
558	410	229	512	244	528	189	403	389	985	651	965	740	376	246	544	234	387	702	648
41	767	812	863	743	491	464	801	80	806	265	937	338	825	61	782	859	616	695	145
390	414	276	72	855	821	359	333	276	991	361	695	159	95	455	996	949	819	871	201
735	161	490	854	691	642	325	352	351	264	405	935	629	65	128	477	680	190	753	534
340	832	889	261	56	531	915	248	969	860	466	532	765	150	958	521	376	879	58	836
44	23	748	854	976	390	752	167	443	337	727	282	331	467	221	743	945	622	471	250
199	920	119	943	680	560	742	487	423	719	651	965	536	762	642	340	106	619	254	729
41	238	983	294	802	494	644	698	560	794	648	151	261	7	855	105	250	182	590	704
489	788	65	963	720	543	144	771	227	590	238	553	347	653	607	165	468	150	604	607
187	943	358	234	371	939	34	478	643	472	151	536	767	194	342	659	667	592	800	937
626	425	669	965	238	655	487	732	922	571	896	763	504	756	310	845	67	110	43	71
292	496	40	261	417	277	316	572	950	391	417	3	626	60	3	549	221	645	37	823
970	819	113	203	430	412	787	641	785	2	184	226	705	999	576	624	720	515	837	375
157	484	928	247	592	670	702	741	356	289	579	738	909	50	483	569	920	462	398	955
239	634	527	884	156	350	932	18	972	247	863	912	1	990	231	201	134	68	683	828
262	798	773	928	673	408	663	372	618	401	465	316	532	653	318	739	426	678	786	202
967	831	649	925	15	221	851	75	723	878	325	857	5	494	766	70	349	100	437	582
391	304	467	706	317	123	326	372	532	506	53	795	844	546	178	814	293	936	67	711
953	790	788	724	76	876	10	268	762	493	687	837	525	131	664	790	769	407	811	963
740	151	151	559	11	795	372	597	413	551	120	556	393	563	502	250	747	546	44	47
902	937	184	831	531	307	725	460	880	981	650	674	946	487	648	817	489	988	266	493
341	527	665	16	683	113	704	940	114	444	538	285	191	472	805	805	206	348	467	897
263	284	443	117	50	67	84	443	94	306	711	288	370	356	335	277	180	383	255	131
776	456	637	280	792	589	300	549	491	161	348	483	379	210	613	694	732	793	923	570
856	635	889	385	964	989	927	553	886	981	731	32	173	136	523	771	80	582	553	782
27	470	790	955	554	319	191	592	977	347	188	535	893	405	283	238	6	121	287	452
63	216	906	791	474	226	123	512	667	197	419	886	1000	628	176	632	154	11	183	359
665	798	34	780	73	238	197	926	333	347	54	917	598	684	857	449	776	708	666	479
740	293	204	632	803	724	482	224	32	904	262	326	216	329	568	126	613	638	723	579
62	972	52	560	609	118	60	383	497	761	465	562	496	947	9	555	255	8	501	856
417	361	777	168	839	816	339	342	251	336	361	602	836	581	166	601	976	508	186	846
819	389	464	95	204	85	463	275	634	110	811	965	993	835	601	376	785	31	391	175
171	407	829	22	988	691	970	757	106	500	864	712	333	361	708	76	379	787	676	322
748	177	666	10	677	371	516	650	804	183	269	849	587	261	691	150	256	621	817	617
308	24	384	969	539	833	921	320	989	202	956	344	445	4	755	6	223	694	911	376
239	678	24	461	640	141	893	266	259	801	223	413	657	503	965	843	913	690	573	550
614	898	860	700	658	214	500	459	660	472	143	541	2	760	819	771	504	882	779	993
790	842	338	737	520	375	89	866	959	113	553	420	961	805	805	582	905	315	69	981
459	797	863	438	924	743	395	538	488	717	258	558	96	514	966	267	413	806	296	420
73	695	177	386	873	821	226	645	877	448	396	961	438	359	218	142	304	539	501	665
323	780	228	891	763	780	991	280	695	377	776	747	840	359	404	62	104	852	586	969
366	26	862	198	541	417	648	20	891	271	820	851	398	690	66	586	34	753	406	97
368	679	234	352	763	557	47	41	86	169	963	150	145	371	106	119	680	568	948	936
74	850	150	449	371	982	181	598	58	207	872	921	440	822	211	237	65	580	543	576
456	81	918	925	851	287	299	2	911	958	45	131	878	628	293	14	970	965	740	148
550	620	321	61	450	402	887	908	219	205	422	322	651	935	176	363	673	41	415	584
653	879	273	879	8	456	352	254	592	527	487	904	464	473	551	380	555	166	535	873
511	382	931	433	66	163	154	988	172	123	927	155	22	730	80	975	735	886	998	819
827	601	340	818	691	212	937	510	469	724	579	645	701	124	200	989	471	34	584	969
666	780	318	51	131	295	623	59	151	134	452	436	611	516	739	606	997	513	278	825
157	598	43	927	465	315	630	754	119	30	449	561	757	399	196	7	239	41	119	292
672	440	778	879	311	413	362	552	127	635	469	351	849	699	750	113	479	915	223	282
773	190	27	518	522	784	5	190	972	92	817	293	89	224	364	21	877	160	378	509
164	771	151	132	398	331	618	238	303	693	175	80	458	677	121	335	398	203	136	176
750	710	87	926	367	211	797	199	965	955	257	210	757	163	887	449	532	676	380	218
333	402	331	985	197	98	404	741	853	500	373	728	506	231	241	723	403	566	878	332
306	119	200	219	186	176	167	372	504	846	751	172	530	822	249	712	321	162	496	169
836	922	963	540	839	430	194	534	330	686	464	323	154	900	677	400	810	624	571	500
265	481	107	554	277	995	629	789	759	306	219	841	892	327	264	266	613	31	221	399
45	59	504	114	57	729	495	503	517	867	872	673	52	145	215	11	559	707	947	506
145	472	947	581	953	234	383	664	4	25	638	583	458	19	713	953	984	202	739	173
165	174	684	130	638	520	609	299	245	91	273	463	800	489	412	908	490	968	837	246
792	874	37	183	221	450	818	80	936	873	477	37	734	532	541	740	199	749	986	755
864	145	453	529	143	602	802	367	987	935	78	912	676	452	499	394	194	351	763	67
819	845	162	741	75	185	844	224	191	873	371	694	928	454	385	427	883	679	790	517
207	618	108	502	150	138	638	962	166	464	5	551	61	531	635	407	649	909	945	800
827	1000	257	22	920	802	441	110	782	124	677	904	249	253	549	379	202	886	14	670
831	450	807	854	165	48	293	422	149	834	399	391	513	270	90	261	89	339	216	469
8	357	217	755	274	170	206	184	896	393	84	730	104	30	135	198	761	12	533	38
521	530	620	590	874	239	612	646	348	571	81	224	300	820	329	981	21	606	528	87
223	961	460	533	315	168	28	837	380	556	251	515	157	782	938	508	95	438	964	28
612	620	621	319	499	902	970	461	641	790	709	369	194	207	183	641	522	348	740	59
955	576	550	533	166	895	819	726	148	850	910	252	719	706	862	137	947	233	565	305
75	309	552	82	747	833	531	552	1	686	447	682	761	443	23	640	119	321	730	745
596	265	531	56	28	732	909	7	625	444	573	270	983	723	946	941	193	943	523	533
748	56	582	596	766	741	849	437	191	767	796	597	685	891	82	461	826	420	433	237
168	623	558	260	923	479	648	415	229	349	740	280	976	249	881	167	128	727	195	220
158	24	70	312	397	789	850	323	799	816	884	957	927	499	436	284	493	729	128	520
69	592	707	503	584	936	915	642	114	527	408	374	4	242	523	323	95	870	947	546
284	267	712	947	382	236	845	909	591	954	145	868	421	266	738	966	184	258	653	16
275	67	429	79	15	491	591	619	694	523	436	460	848	250	935	347	477	493	257	585
811	652	972	11	116	358	15	153	293	93	800	36	490	72	39	983	437	659	225	117
331	326	763	300	152	180	91	231	606	320	510	296	344	864	685	985	513	532	240	453
801	935	416	43	932	846	350	956	324	398	71	506	861	219	649	397	84	453	545	117
886	904	606	195	288	729	797	939	747	144	491	755	237	217	672	890	44	849	895	272
995	146	360	409	1000	388	733	744	213	67	638	71	677	692	149	900	679	996	868	794
249	335	519	454	317	612	184	591	829	180	247	588	278	617	918	143	446	159	922	632
342	10	766	473	129	103	954	669	215	7	16	755	239	100	20	116	933	858	870	491
494	626	758	416	129	893	45	788	381	741	763	406	935	955	919	919	845	175	255	191
8	262	911	386	549	250	781	267	286	517	412	157	64	276	534	958	898	984	356	730
747	184	206	915	74	784	776	252	579	246	25	199	774	153	226	519	468	875	673	814
832	923	241	286	949	664	582	905	321	609	516	896	551	741	877	48	229	41	121	538
725	676	279	272	402	441	498	859	380	398	760	729	364	458	678	167	666	45	472	425
533	593	354	499	22	205	224	398	795	638	273	875	403	521	101	828	91	307	398	530
60	968	730	259	55	598	542	395	872	290	940	393	645	926	184	759	564	334	329	325
627	15	570	76	386	759	928	941	504	532	933	906	539	33	946	409	209	436	285	280
116	888	157	614	836	888	327	453	393	708	951	379	110	337	308	947	359	674	946	755
625	706	583	847	166	159	24	348	876	909	312	716	482	173	723	12	850	435	719	127
601	356	798	669	11	732	965	803	542	775	185	849	473	626	472	282	944	672	550	531
71	626	469	640	926	711	68	647	614	470	175	142	145	647	510	555	182	557	44	753
4	935	33	471	779	270	169	904	944	786	839	20	632	661	877	77	138	391	253	249
920	655	495	89	724	685	872	191	541	230	102	906	523	169	346	946	776	378	186	325
747	445	48	498	516	498	84	607	170	444	123	26	15	610	194	994	101	382	948	661
362	479	274	121	923	478	240	730	708	54	614	565	790	648	291	954	82	804	632	992
615	670	422	675	576	657	959	723	384	113	807	447	119	432	933	502	663	408	452	978
61	29	764	847	854	566	24	167	249	778	188	65	343	639	662	637	662	650	283	455
808	678	415	159	614	213	364	506	416	984	312	11	613	942	149	932	340	174	982	401
820	483	186	188	198	925	392	377	440	881	447	668	921	865	92	33	785	96	42	290
483	942	346	580	248	337	296	82	699	614	113	211	7	584	607	492	746	676	897	508
544	818	619	773	357	856	621	966	583	957	99	93	838	16	80	518	974	100	491	647	11	43